nodes = [
    455,1314,-1;455,1304,1;455,1294,2;452,1284,3;457,1324,1;465,1291,3;449,1330,5;457,1275,4;440,1335,7;430,1337,9;420,1334,10;410,1334,11;402,1328,12;408,1344,12;394,1322,13;384,1322,15;402,1352,14;378,1314,16;368,1312,18;363,1303,19;394,1358,17;361,1293,20;394,1368,21;352,1288,22;342,1288,24;334,1294,25;326,1300,26;446,1343,9;320,1292,27;371,1291,22;312,1286,29;312,1276,31;312,1266,32;313,1256,33;308,1247,34;309,1237,35;310,1227,36;392,1378,23;475,1291,6;298,1249,35;288,1248,40;393,1388,38;278,1247,41;273,1238,43;387,1396,42;270,1228,44;269,1218,46;270,1208,47;262,1202,48;264,1192,49;252,1200,49;377,1398,45;482,1283,39;270,1253,43;490,1277,53;500,1275,55;505,1266,56;505,1256,57;377,1408,52;367,1410,59;319,1237,36;362,1419,60;353,1424,62;376,1282,30;260,1251,54;347,1432,63;269,1263,54;250,1252,65;300,1227,37;515,1256,58;378,1304,18;240,1254,68;346,1442,66;327,1231,61;336,1442,73;326,1441,75;232,1260,72;233,1270,77;223,1273,78;213,1271,79;317,1305,27;260,1223,47;204,1266,80;410,1321,13;194,1263,83;194,1273,85;
503,1285,56;188,1255,85;320,1315,81;283,1237,44;324,1451,76;178,1257,88;177,1267,92;173,1248,92;168,1239,94;337,1233,74;375,1272,64;318,1459,91;160,1233,95;279,1219,47;171,1275,93;158,1223,99;318,1469,98;152,1215,102;150,1205,104;148,1195,105;148,1185,106;148,1175,107;148,1165,108;151,1155,109;154,1145,110;157,1135,111;160,1125,112;158,1115,113;310,1476,103;302,1482,115;138,1175,108;293,1487,116;345,1418,63;283,1489,118;273,1489,120;128,1173,117;263,1488,121;161,1277,101;118,1175,122;258,1497,123;254,1483,123;345,1227,96;158,1186,107;244,1483,127;299,1495,118;396,1312,15;110,1181,125;168,1114,114;171,1104,134;174,1094,135;234,1486,130;224,1487,137;308,1500,131;365,1270,97;216,1493,138;363,1280,140;168,1185,129;355,1224,128;173,1285,101;222,1477,138;335,1417,119;126,1163,122;524,1261,70;365,1223,144;325,1414,147;280,1499,120;530,1253,149;532,1243,153;384,1355,21;196,1248,88;533,1233,154;328,1321,89;117,1158,148;110,1150,159;105,1141,160;177,1190,143;181,1291,145;187,1299,163;181,1307,164;102,1131,161;532,1267,149;
212,1474,146;164,1147,111;315,1415,151;202,1476,168;326,1331,158;255,1242,65;374,1354,155;185,1184,162;366,1322,19;356,1265,140;364,1355,174;538,1275,167;267,1502,126;151,1274,124;263,1271,67;176,1120,134;208,1499,141;490,1267,55;198,1502,184;482,1261,185;255,1265,182;465,1315,1;184,1126,183;187,1315,165;141,1271,181;540,1253,153;181,1323,191;299,1217,69;326,1404,151;162,1099,135;153,1094,197;152,1084,198;354,1358,178;173,1329,194;171,1308,165;163,1331,201;131,1274,192;196,1320,191;412,1311,84;550,1253,193;539,1285,179;123,1280,204;102,1121,166;560,1253,207;382,1387,45;250,1224,82;197,1238,156;240,1244,72;174,1148,169;178,1338,201;418,1303,206;336,1333,172;265,1281,182;381,1294,30;148,1117,114;150,1104,198;346,1262,177;140,1206,105;153,1332,203;184,1147,216;200,1228,214;181,1279,145;194,1148,227;132,1200,225;206,1322,205;299,1207,195;112,1129,166;560,1243,211;474,1320,189;240,1222,213;275,1479,121;184,1346,217;140,1102,223;121,1134,234;210,1227,228;158,1243,99;480,1251,187;478,1241,244;479,1329,236;143,1331,226;
396,1344,17;134,1094,240;315,1405,170;445,1312,1;127,1086,249;560,1233,235;560,1223,253;561,1213,254;562,1203,255;556,1195,256;556,1185,257;557,1175,258;557,1165,259;138,1112,240;551,1157,260;550,1147,262;334,1427,147;135,1158,148;541,1142,263;532,1137,266;115,1274,209;345,1363,200;556,1139,263;127,1076,252;128,1066,271;130,1056,272;138,1050,273;141,1040,274;143,1030,275;143,1020,276;152,1015,277;152,1005,278;154,995,279;557,1129,270;153,985,280;153,975,282;154,965,283;260,1212,49;146,958,284;152,950,286;152,940,287;151,930,288;383,1332,16;469,1236,245;151,920,289;149,910,292;158,905,293;164,995,280;305,1405,250;136,957,286;168,904,294;464,1227,291;176,898,298;186,896,300;188,886,301;118,1091,252;374,1262,97;257,1287,220;162,1018,278;170,987,295;178,1200,162;304,1198,233;295,1407,296;180,987,307;305,1188,309;567,1130,281;170,1025,306;230,1246,215;568,1120,313;305,1178,312;120,1123,234;480,1339,246;305,1168,317;310,1159,320;129,949,297;195,1158,230;133,1018,277;198,888,302;118,1064,272;296,1163,320;310,1149,321;
178,1019,314;302,1143,328;340,1372,269;308,1135,330;188,1019,329;315,1178,317;208,885,325;211,875,335;217,867,336;217,890,335;526,1145,267;223,859,337;225,849,340;219,841,341;218,831,342;224,823,343;227,813,344;230,803,345;323,1185,334;233,793,346;191,1029,333;110,1115,210;314,1127,332;225,787,348;224,777,352;517,1140,339;221,767,353;217,1281,79;322,1121,351;330,1374,331;558,1117,316;178,1354,239;529,1282,208;465,1217,299;508,1145,354;204,1148,230;558,1107,359;223,898,338;208,829,343;170,1206,308;123,1017,324;233,898,366;297,1417,310;559,1097,365;225,1287,356;553,1089,372;329,1193,347;197,1138,230;141,1060,274;332,1121,357;255,1297,305;153,1029,276;300,1129,332;162,938,288;118,1008,369;220,1244,315;333,1111,378;203,1165,323;260,1233,173;342,1121,378;559,1081,374;487,1292,53;560,1071,389;560,1061,391;561,1051,392;323,1254,34;503,1136,363;339,1103,385;260,1306,379;173,1035,314;345,1095,396;474,1347,319;351,1126,388;342,1085,399;172,1362,360;494,1141,395;332,1396,196;359,1132,401;334,1079,402;369,1253,304;336,1382,358;
339,1192,375;332,1364,358;144,1142,111;550,1063,392;102,1109,350;342,1341,219;204,1130,376;102,1156,160;150,1065,377;201,1031,349;190,1039,349;428,1302,218;143,987,282;182,1045,420;571,1053,393;275,1469,238;576,1044,424;574,1034,426;287,1418,371;160,1063,418;569,1083,389;133,1329,247;320,1135,351;171,1318,202;577,1024,427;576,1014,434;568,1008,435;569,998,436;558,1007,436;572,988,437;550,1000,438;572,978,439;464,1344,400;569,968,441;214,780,353;582,978,441;102,1166,417;349,1195,410;563,960,443;563,950,448;205,775,444;195,777,450;178,1370,403;185,775,451;94,1172,446;352,1340,415;234,908,370;210,1026,419;540,1001,440;188,1369,452;342,1072,407;206,1120,416;240,916,456;532,995,458;352,1070,460;196,1047,420;565,940,449;566,930,466;566,920,467;566,910,468;563,900,469;523,990,463;231,769,355;564,890,470;133,985,422;564,880,473;553,900,470;218,1020,457;543,898,476;555,875,475;533,898,478;216,1117,461;213,1167,386;142,941,288;221,1161,482;162,1200,368;227,1153,484;528,1292,361;523,900,480;350,1060,464;228,1018,477;331,1248,394;
135,1319,431;179,977,311;346,1383,409;234,1026,490;352,1050,489;185,969,493;185,785,453;235,925,462;207,1239,214;257,1184,50;203,820,367;181,1380,452;128,1289,209;226,1115,481;179,1135,190;193,820,502;299,1153,327;362,1051,496;110,1265,268;326,1143,432;252,1312,397;560,866,479;559,856,513;247,1181,501;427,1292,421;115,1023,369;567,850,514;567,840,518;426,1282,516;567,830,519;295,1180,317;97,1100,414;172,937,382;348,1393,494;105,1025,517;187,1205,308;235,1147,486;334,1354,411;570,820,521;570,810,530;200,1466,171;571,800,531;368,1332,176;117,1107,350;227,1105,505;183,959,497;255,1322,512;549,854,514;228,1034,495;236,1040,540;170,1175,143;359,1193,447;281,1426,428;110,1255,510;561,799,533;561,789,546;559,779,547;91,1092,523;206,1312,232;138,1134,412;551,773,548;175,785,498;549,763,552;548,753,554;547,743,555;546,733,556;544,723,557;541,713,558;542,703,559;540,693,560;93,1182,454;224,1095,536;244,1306,512;127,1313,492;460,1208,362;132,939,322;146,1128,551;165,786,553;541,775,552;531,777,570;228,1139,528;155,786,569;
